---------摄影测量 相对定向--绝对定向 实验-------------------
---------相对定向参数    f  w  k   u  v  
0.015593
0.015596
0.015800
-0.015924
0.031263
---------   相对定向精度：0.000000256
---------   迭代次数：4
---------------------------------------------------------------
---------   模型点坐标：
159.566906,796.866585,5.181370
857.958907,786.015405,46.817569
134.978148,-801.767440,-15.246382
835.233581,-812.758297,-23.407552
508.636916,791.633730,25.917976
147.635990,-2.333052,-14.940384
496.873988,-7.767770,5.791937
846.093869,-13.241486,26.653351
484.973350,-807.293030,-14.437442
---------------------------------------------------------------
---------   绝对定向参数： x   y   z  l  f  w  k 
5000.069617
5043.554051
499.506276
1.000677
0.000441
0.028727
0.095135
---------   绝对定向精度：0.100101761
---------   迭代次数：5
---------------------------------------------------------------
---------------------------------------------------------------
---------   全部元素:
左片x     左片y      右片x      右片y              X                                  Y                                Z    
16.0120	79.9630	-73.9300	78.7060	5083.2050	5852.0990	527.9250	
88.5600	81.1340	-5.2520	78.1840	5780.0200	5906.3650	571.5490	
13.3620	-79.3700	-79.1220	-78.8790	5210.8790	4258.4460	461.8100	
82.2400	-80.0270	-9.8870	-80.0890	5909.2640	4314.2830	455.4840	
51.7580	80.5550	-39.9530	78.4630	5431.4775	5879.4006	549.6610	
14.6180	-0.2310	-76.0060	0.0360	5147.3657	5055.6883	484.9632	
49.8800	-0.7820	-42.2010	-1.0220	5495.7670	5082.8644	506.6526	
86.1400	-1.3460	-7.7060	-2.1120	5844.1539	5109.9963	528.4699	
48.0350	-79.9620	-44.4380	-79.7360	5559.9311	4286.1949	463.5368	
